FREQUENCY 331
0 1
0 2
0 3
1 4
1 4
2 3
2 5
3 5
4 7
5 6
6 7
6 7
FREQUENCY 3446
0 1
0 2
0 4
1 4
1 5
2 3
2 7
3 5
3 6
4 5
6 7
6 7
FREQUENCY 2159
0 1
0 2
0 4
1 3
1 5
2 3
2 6
3 4
4 5
5 7
6 7
6 7
FREQUENCY 80
0 1
0 7
0 7
1 2
1 3
2 4
2 4
3 5
3 5
4 6
5 6
6 7
FREQUENCY 8341
0 1
0 2
0 3
1 4
1 5
2 4
2 6
3 7
3 7
4 6
5 6
5 7
FREQUENCY 8
0 1
0 1
0 4
1 2
2 3
2 6
3 6
3 6
4 5
4 7
5 7
5 7
FREQUENCY 848
0 1
0 2
0 3
1 6
1 6
2 5
2 7
3 4
3 7
4 5
4 5
6 7
FREQUENCY 996
0 1
0 4
0 4
1 2
1 4
2 3
2 6
3 5
3 7
5 6
5 7
6 7
FREQUENCY 200
0 1
0 3
0 7
1 2
1 6
2 6
2 6
3 4
3 4
4 5
5 7
5 7
FREQUENCY 8
0 1
0 1
0 3
1 2
2 7
2 7
3 4
3 4
4 5
5 6
5 6
6 7
FREQUENCY 5828
0 1
0 3
0 6
1 2
1 7
2 4
2 5
3 4
3 6
4 7
5 6
5 7
FREQUENCY 2263
0 1
0 6
0 7
1 2
1 3
2 3
2 4
3 6
4 5
4 5
5 7
6 7
FREQUENCY 1886
0 1
0 2
0 4
1 2
1 3
2 4
3 6
3 7
4 5
5 6
5 7
6 7
FREQUENCY 422
0 1
0 2
0 4
1 3
1 6
2 5
2 5
3 4
3 4
5 7
6 7
6 7
FREQUENCY 5511
0 1
0 3
0 7
1 2
1 5
2 4
2 6
3 4
3 6
4 7
5 6
5 7
FREQUENCY 1701
0 1
0 1
0 3
1 2
2 4
2 7
3 4
3 5
4 7
5 6
5 6
6 7
FREQUENCY 13074
0 1
0 2
0 7
1 3
1 5
2 6
2 7
3 4
3 6
4 5
4 6
5 7
FREQUENCY 407
0 1
0 4
0 5
1 2
1 4
2 3
2 6
3 6
3 6
4 7
5 7
5 7
FREQUENCY 1432
0 1
0 3
0 5
1 2
1 4
2 5
2 7
3 4
3 6
4 7
5 6
6 7
FREQUENCY 1059
0 1
0 2
0 7
1 3
1 6
2 5
2 5
3 4
3 7
4 6
4 6
5 7
