FREQUENCY 69
0 1
0 2
0 5
1 9
1 3
2 8
2 4
3 7
3 7
4 6
4 7
5 8
5 8
6 9
6 9
FREQUENCY 5873
0 1
0 2
0 3
1 8
1 6
2 9
2 7
3 4
3 5
4 9
4 6
5 9
5 7
6 8
7 8
FREQUENCY 1
0 1
0 1
0 2
1 3
2 4
2 6
3 9
3 7
4 5
4 6
5 8
5 8
6 8
7 9
7 9
FREQUENCY 2501
0 1
0 2
0 6
1 5
1 6
2 3
2 7
3 9
3 4
4 8
4 7
5 8
5 9
6 8
7 9
FREQUENCY 69
0 1
0 5
0 5
1 2
1 3
2 4
2 5
3 6
3 9
4 7
4 7
6 8
6 8
7 9
8 9
FREQUENCY 543
0 1
0 6
0 6
1 9
1 2
2 3
2 4
3 8
3 5
4 7
4 7
5 8
5 9
6 9
7 8
FREQUENCY 23
0 1
0 1
0 3
1 2
2 8
2 8
3 9
3 4
4 5
4 6
5 9
5 7
6 9
6 7
7 8
FREQUENCY 4245
0 1
0 2
0 3
1 3
1 4
2 8
2 7
3 7
4 5
4 6
5 9
5 7
6 8
6 9
8 9
FREQUENCY 1100
0 1
0 2
0 5
1 8
1 5
2 3
2 6
3 8
3 4
4 9
4 7
5 7
6 8
6 9
7 9
FREQUENCY 306
0 1
0 9
0 7
1 2
1 4
2 3
2 4
3 8
3 5
4 8
5 8
5 6
6 9
6 7
7 9
FREQUENCY 141
0 1
0 2
0 7
1 4
1 6
2 3
2 5
3 7
3 7
4 6
4 9
5 8
5 8
6 9
8 9
FREQUENCY 1419
0 8
0 1
0 4
1 2
1 3
2 6
2 7
3 8
3 6
4 5
4 7
5 9
5 9
6 9
7 8
FREQUENCY 455
0 1
0 2
0 6
1 9
1 6
2 3
2 5
3 9
3 4
4 8
4 9
5 7
5 7
6 8
7 8
FREQUENCY 1581
0 1
0 2
0 3
1 9
1 7
2 4
2 6
3 8
3 4
4 5
5 8
5 6
6 7
7 9
8 9
FREQUENCY 2094
0 1
0 3
0 9
1 2
1 4
2 3
2 5
3 7
4 6
4 7
5 8
5 6
6 9
7 8
8 9
FREQUENCY 10
0 1
0 2
0 4
1 9
1 7
2 3
2 5
3 4
3 4
5 8
5 6
6 8
6 8
7 9
7 9
FREQUENCY 503
0 1
0 2
0 4
1 3
1 6
2 5
2 7
3 8
3 7
4 9
4 7
5 6
5 6
8 9
8 9
FREQUENCY 47
0 1
0 2
0 3
1 4
1 4
2 9
2 9
3 8
3 6
4 5
5 9
5 7
6 8
6 7
7 8
FREQUENCY 214
0 1
0 1
0 7
1 2
2 8
2 3
3 4
3 5
4 6
4 6
5 8
5 7
6 9
7 9
8 9
FREQUENCY 86
0 1
0 2
0 3
1 8
1 8
2 4
2 5
3 8
3 9
4 9
4 9
5 6
5 7
6 7
6 7
FREQUENCY 1269
0 1
0 3
0 3
1 9
1 2
2 4
2 6
3 9
4 5
4 7
5 8
5 7
6 8
6 7
8 9
FREQUENCY 178
0 1
0 9
0 7
1 2
1 3
2 4
2 6
3 5
3 9
4 6
4 6
5 8
5 9
7 8
7 8
FREQUENCY 151
0 1
0 2
0 3
1 4
1 5
2 8
2 7
3 9
3 6
4 8
4 5
5 7
6 9
6 9
7 8
FREQUENCY 379
0 1
0 6
0 6
1 2
1 5
2 3
2 4
3 8
3 6
4 7
4 7
5 8
5 9
7 9
8 9
FREQUENCY 5
0 1
0 2
0 2
1 4
1 5
2 3
3 8
3 9
4 6
4 7
5 6
5 7
6 7
8 9
8 9
FREQUENCY 43
0 1
0 2
0 6
1 9
1 6
2 9
2 3
3 8
3 4
4 5
4 5
5 7
6 9
7 8
7 8
FREQUENCY 1738
0 1
0 3
0 4
1 2
1 6
2 9
2 7
3 5
3 7
4 9
4 8
5 6
5 6
7 8
8 9
FREQUENCY 887
0 1
0 5
0 6
1 2
1 4
2 3
2 3
3 6
4 9
4 7
5 9
5 7
6 8
7 8
8 9
FREQUENCY 18
0 1
0 2
0 3
1 3
1 5
2 4
2 6
3 8
4 9
4 6
5 8
5 8
6 7
7 9
7 9
FREQUENCY 5
0 1
0 3
0 5
1 2
1 4
2 8
2 9
3 5
3 5
4 6
4 7
6 7
6 7
8 9
8 9
FREQUENCY 111
0 1
0 3
0 5
1 2
1 3
2 4
2 6
3 9
4 8
4 7
5 9
5 9
6 8
6 7
7 8
FREQUENCY 28
0 1
0 5
0 5
1 2
1 3
2 6
2 9
3 4
3 9
4 6
4 6
5 7
7 8
7 8
8 9
FREQUENCY 5
0 1
0 4
0 5
1 2
1 4
2 3
2 4
3 7
3 7
5 6
5 6
6 9
7 8
8 9
8 9
FREQUENCY 128
0 1
0 4
0 7
1 2
1 3
2 5
2 7
3 5
3 5
4 8
4 6
6 9
6 7
8 9
8 9
FREQUENCY 3503
0 1
0 5
0 9
1 2
1 6
2 3
2 7
3 9
3 4
4 5
4 7
5 8
6 8
6 7
8 9
FREQUENCY 234
0 8
0 1
0 2
1 5
1 5
2 3
2 4
3 4
3 6
4 7
5 7
6 9
6 7
8 9
8 9
FREQUENCY 530
0 1
0 2
0 9
1 3
1 7
2 4
2 6
3 8
3 4
4 5
5 8
5 6
6 9
7 8
7 9
FREQUENCY 153
0 1
0 1
0 5
1 2
2 3
2 6
3 4
3 5
4 9
4 6
5 9
6 7
7 8
7 8
8 9
FREQUENCY 1
0 1
0 3
0 6
1 2
1 2
2 5
3 4
3 4
4 7
5 8
5 9
6 7
6 7
8 9
8 9
FREQUENCY 912
0 1
0 2
0 6
1 3
1 5
2 4
2 6
3 8
3 7
4 5
4 7
5 9
6 9
7 8
8 9
FREQUENCY 6
0 8
0 1
0 3
1 8
1 2
2 8
2 4
3 5
3 6
4 9
4 7
5 6
5 6
7 9
7 9
FREQUENCY 1470
0 1
0 2
0 4
1 8
1 7
2 3
2 5
3 6
3 6
4 9
4 7
5 8
5 9
6 7
8 9
FREQUENCY 294
0 1
0 5
0 6
1 2
1 7
2 3
2 6
3 9
3 4
4 8
4 5
5 9
6 7
7 8
8 9
FREQUENCY 44
0 8
0 1
0 7
1 2
1 7
2 3
2 3
3 4
4 5
4 6
5 9
5 6
6 9
7 8
8 9
FREQUENCY 5
0 1
0 5
0 6
1 2
1 5
2 3
2 4
3 4
3 4
5 8
6 7
6 7
7 9
8 9
8 9
FREQUENCY 42
0 1
0 2
0 3
1 7
1 7
2 3
2 4
3 5
4 8
4 6
5 9
5 9
6 8
6 9
7 8
FREQUENCY 147
0 1
0 2
0 2
1 3
1 7
2 5
3 8
3 4
4 9
4 5
5 6
6 8
6 8
7 9
7 9
FREQUENCY 3
0 1
0 2
0 2
1 3
1 4
2 4
3 9
3 9
4 5
5 6
5 6
6 7
7 8
7 8
8 9
FREQUENCY 642
0 1
0 2
0 6
1 3
1 4
2 9
2 6
3 5
3 5
4 8
4 7
5 8
6 9
7 8
7 9
FREQUENCY 336
0 1
0 3
0 7
1 2
1 6
2 3
2 4
3 6
4 8
4 5
5 9
5 7
6 7
8 9
8 9
FREQUENCY 1523
0 1
0 4
0 6
1 8
1 2
2 3
2 4
3 5
3 7
4 6
5 9
5 7
6 8
7 9
8 9
FREQUENCY 174
0 8
0 1
0 9
1 2
1 3
2 5
2 7
3 4
3 6
4 9
4 7
5 9
5 6
6 8
7 8
FREQUENCY 5
0 1
0 3
0 3
1 2
1 7
2 6
2 6
3 4
4 5
4 6
5 8
5 8
7 9
7 9
8 9
FREQUENCY 57
0 1
0 2
0 4
1 8
1 8
2 3
2 7
3 6
3 6
4 5
4 7
5 9
5 9
6 8
7 9
FREQUENCY 372
0 1
0 2
0 3
1 9
1 5
2 4
2 7
3 8
3 6
4 8
4 6
5 9
5 7
6 8
7 9
FREQUENCY 928
0 1
0 3
0 5
1 2
1 4
2 6
2 7
3 8
3 7
4 8
4 7
5 9
5 9
6 8
6 9
FREQUENCY 436
0 1
0 2
0 3
1 8
1 6
2 9
2 7
3 4
3 6
4 5
4 5
5 6
7 8
7 9
8 9
FREQUENCY 28
0 1
0 2
0 3
1 8
1 4
2 8
2 3
3 9
4 8
4 5
5 6
5 6
6 7
7 9
7 9
FREQUENCY 50
0 8
0 8
0 1
1 2
1 5
2 3
2 4
3 9
3 7
4 8
4 6
5 9
5 9
6 7
6 7
FREQUENCY 2
0 1
0 2
0 3
1 2
1 2
3 4
3 5
4 9
4 9
5 6
5 6
6 7
7 8
7 8
8 9
FREQUENCY 6
0 1
0 2
0 5
1 2
1 3
2 6
3 4
3 4
4 7
5 8
5 8
6 9
6 9
7 8
7 9
FREQUENCY 45
0 1
0 2
0 6
1 6
1 7
2 3
2 5
3 4
3 6
4 5
4 5
7 8
7 9
8 9
8 9
FREQUENCY 284
0 1
0 3
0 6
1 2
1 7
2 8
2 7
3 4
3 5
4 9
4 9
5 8
5 6
6 9
7 8
FREQUENCY 339
0 1
0 3
0 9
1 2
1 7
2 8
2 9
3 4
3 5
4 5
4 6
5 6
6 8
7 8
7 9
FREQUENCY 1044
0 1
0 2
0 3
1 3
1 4
2 8
2 5
3 6
4 9
4 7
5 8
5 7
6 8
6 9
7 9
FREQUENCY 350
0 8
0 1
0 3
1 2
1 6
2 4
2 9
3 8
3 5
4 5
4 7
5 7
6 9
6 9
7 8
FREQUENCY 127
0 1
0 2
0 4
1 9
1 4
2 3
2 5
3 9
3 7
4 9
5 6
5 6
6 8
7 8
7 8
FREQUENCY 12
0 1
0 3
0 4
1 2
1 6
2 9
2 9
3 7
3 7
4 5
4 5
5 8
6 8
6 8
7 9
FREQUENCY 21
0 8
0 1
0 5
1 2
1 5
2 3
2 6
3 4
3 4
4 9
5 7
6 9
6 9
7 8
7 8
FREQUENCY 148
0 8
0 1
0 5
1 2
1 2
2 3
3 4
3 4
4 6
5 6
5 7
6 9
7 8
7 9
8 9
FREQUENCY 10
0 1
0 3
0 3
1 2
1 4
2 5
2 7
3 6
4 6
4 6
5 8
5 8
7 9
7 9
8 9
FREQUENCY 456
0 1
0 6
0 7
1 2
1 3
2 4
2 6
3 6
3 9
4 5
4 5
5 8
7 8
7 9
8 9
FREQUENCY 97
0 1
0 2
0 3
1 9
1 7
2 8
2 6
3 4
3 5
4 9
4 7
5 9
5 7
6 8
6 8
FREQUENCY 1551
0 1
0 2
0 4
1 3
1 5
2 3
2 4
3 7
4 6
5 9
5 9
6 8
6 7
7 8
8 9
FREQUENCY 56
0 1
0 3
0 6
1 2
1 3
2 4
2 5
3 8
4 8
4 5
5 8
6 9
6 7
7 9
7 9
FREQUENCY 2619
0 1
0 2
0 7
1 2
1 3
2 4
3 5
3 9
4 9
4 7
5 6
5 6
6 8
7 8
8 9
FREQUENCY 545
0 1
0 3
0 4
1 2
1 7
2 5
2 6
3 4
3 7
4 9
5 8
5 8
6 9
6 9
7 8
FREQUENCY 63
0 1
0 2
0 5
1 4
1 6
2 3
2 5
3 8
3 8
4 7
4 7
5 9
6 9
6 9
7 8
FREQUENCY 331
0 1
0 2
0 3
1 8
1 4
2 9
2 7
3 8
3 7
4 5
4 6
5 6
5 6
7 9
8 9
FREQUENCY 212
0 1
0 9
0 9
1 2
1 3
2 4
2 5
3 8
3 5
4 8
4 6
5 9
6 7
6 7
7 8
FREQUENCY 165
0 1
0 3
0 4
1 2
1 2
2 8
3 5
3 5
4 9
4 6
5 7
6 8
6 7
7 9
8 9
FREQUENCY 693
0 1
0 6
0 9
1 2
1 4
2 3
2 5
3 8
3 8
4 5
4 6
5 7
6 7
7 9
8 9
FREQUENCY 661
0 1
0 5
0 7
1 2
1 3
2 8
2 4
3 4
3 7
4 6
5 9
5 6
6 8
7 9
8 9
FREQUENCY 23
0 1
0 2
0 3
1 4
1 5
2 9
2 7
3 8
3 6
4 9
4 9
5 7
5 7
6 8
6 8
FREQUENCY 58
0 8
0 8
0 1
1 2
1 3
2 4
2 5
3 6
3 9
4 5
4 7
5 7
6 9
6 9
7 8
FREQUENCY 281
0 1
0 3
0 7
1 2
1 7
2 5
2 6
3 4
3 4
4 8
5 9
5 7
6 8
6 9
8 9
FREQUENCY 103
0 1
0 4
0 9
1 2
1 6
2 8
2 3
3 8
3 6
4 5
4 7
5 9
5 7
6 8
7 9
FREQUENCY 1543
0 1
0 4
0 7
1 2
1 3
2 4
2 6
3 8
3 7
4 5
5 9
5 6
6 9
7 8
8 9
FREQUENCY 35
0 8
0 1
0 2
1 4
1 5
2 3
2 5
3 6
3 7
4 9
4 9
5 8
6 7
6 7
8 9
